1385
1763
762
1551
561
1267
1110
1529
1019
1430
622
1044
1874
1489
1547
1007
1200
400
210
1094
491
487
1499
1945
1762
746
1163
1453
325
619
1956
1172
715
344
480
1857
1223
733
1604
284
343
1000
160
1497
425
1860
1477
218
847
948
313
621
230
1440
549
1682
1321
33
352
1296
1587
1871
590
1787
1844
1620
660
198
747
781
167
163
885
1802
304
1466
1993
438
1941
760
618
1812
538
1630
1579
1875
921
731
265
950
1402
1092
1244
1156
1498
52
1510
1858
1191
927
1822
744
1230
849
1456
1918
56
710
1880
1823
1906
1610
794
1927
1670
178
36
134
439
532
495
1078
98
872
1536
1122
631
1097
396
596
909
397
247
292
1131
607
151
110
1933
329
242
754
141
462
768
535
1713
415
220
1859
1838
828
788
778
1669
1739
873
1723
451
936
581
1305
926
568
962
408
1103
861
1234
181
1921
906
463
542
1984
650
446
442
1567
419
704
1297
1003
403
628
383
171
937
651
38
666
1177
206
654
1276
29
1046
454
1050
1017
54
1594
1193
1655
1135
613
1422
1006
1049
1254
278
7
385
103
1953
1519
707
214
1087
1180
1923
244
233
1278
494
412
1522
1325
985
575
1785
328
303
248
509
1786
890
366
1925
272
1311
1010
1774
468
1818
574
1016
1892
1222
1970
386
565
984
20
1020
280
1718
586
905
555
920
1955
811
1684
102
342
1021
1144
1441
1397
496
976
929
767
1553
1344
738
1920
1205
914
558
989
919
1036
1593
1313
1963
175
1790
1053
1130
587
223
85
97
1765
25
1779
564
642
1511
149
1281
1427
988
1285
407
1570
931
306
1051
443
227
871
1026
1399
1855
275
1607
80
1333
236
1243
818
27
164
793
1196
521
603
1600
1900
1616
1690
88
1225
155
562
1959
896
1388
1022
215
851
1726
437
635
918
1677
691
519
432
1896
445
1840
1577
1712
1245
170
1343
1024
235
1100
855
1612
39
1060
932
413
307
766
925
251
1530
372
752
234
578
930
756
71
1710
1331
418
174
1967
471
782
1074
829
1994
190
949
1159
1954
843
1169
1647
1528
17
972
1606
1414
1330
1589
192
1401
1705
845
391
311
791
1668
1532
700
1377
567
695
357
394
1730
1490
1572
1747
1938
842
373
609
1382
1657
1894
1683
999
1041
1979
1398
801
1217
881
205
327
1930
169
1843
605
554
1257
317
1653
1048
1540
243
497
1359
1758
980
1491
1603
840
1183
1338
1303
741
740
737
92
1507
180
817
911
269
238
1878
1324
862
1512
63
117
1939
125
1355
159
1204
1161
1523
204
1711
606
1158
552
1767
775
1957
395
1768
1408
1729
219
1409
553
1563
1869
1654
196
850
461
685
1260
229
1114
991
990
424
643
1827
1374
1112
1850
1891
1554
1799
1406
1613
1166
1206
594
148
1264
189
922
399
1922
582
1014
1347
1966
1236
1829
1063
115
72
1700
116
1715
1639
376
320
783
1109
1952
1209
143
55
459
483
854
1601
1233
1190
1672
1947
310
74
973
300
409
1011
1219
53
225
1976
1689
963
1661
513
934
629
1229
941
360
82
1450
790
1736
1250
8
789
1357
952
935
364
819
37
1615
777
1447
1649
28
1561
332
981
1199
127
1746
467
1149
1625
221
1167
810
591
1913
375
1501
1334
1856
511
813
895
1255
951
1907
1663
1548
1496
1119
974
683
417
714
699
1346
500
986
1288
1761
1203
955
1595
874
1294
429
124
353
573
610
1247
1769
623
1272
122
1153
104
1619
1756
807
1707
1147
492
544
1545
1065
589
1279
667
663
481
239
1083
1852
277
1315
1485
638
1987
1027
1476
1848
450
1845
1365
653
1464
1782
1319
1150
1493
93
86
421
987
458
191
917
1826
1626
202
1792
857
359
1213
677
612
123
1835
702
1943
681
197
1452
1484
848
91
893
209
1972
1872
1038
261
232
1449
959
903
784
42
1865
139
1428
1902
1117
1291
270
1946
717
678
440
1622
723
1776
464
315
961
720
1054
1460
1481
1628
1518
1842
1714
1550
1015
839
135
1754
1846
1781
338
640
1005
309
1632
1751
201
1702
1032
405
1929
177
904
1123
1917
1950
1459
499
362
1258
1825
1897
1753
1202
112
6
1928
1151
1066
295
1915
1348
724
1273
423
330
522
1873
1866
669
611
1329
1725
626
1174
485
1944
1375
1734
1679
1951
1251
24
1876
1218
1197
365
1412
939
722
1143
687
382
1142
1175
1454
1146
1284
68
1368
1772
863
1072
1989
1692
1071
570
79
1703
679
1573
1995
138
1031
757
779
773
647
506
246
915
1455
370
1685
114
531
1694
870
1810
1201
1391
1981
745
1009
32
1418
1306
185
1717
1934
928
1504
550
1503
772
64
1358
59
764
1721
1270
1432
1614
1798
374
1667
576
1948
1155
77
1881
1241
1001
713
1327
1863
430
1231
166
66
341
1793
1304
1360
1373
1367
48
1176
584
57
335
392
1012
108
608
656
1275
1208
1384
1964
1870
806
942
1996
9
1371
351
900
1308
776
592
512
1470
1170
1059
1828
1680
1969
1783
525
1282
1004
859
923
45
1179
1448
820
14
1652
1520
1571
1073
527
1584
1148
1552
534
12
1138
1064
748
1733
1992
814
1727
129
1506
1541
559
997
431
823
314
473
488
1965
1271
322
87
1370
147
1128
1463
540
1127
846
1067
324
1018
1648
1524
1903
1042
1090
1864
3
1635
1797
774
1575
686
938
659
1335
188
1926
469
1088
1437
318
958
158
721
1839
1350
755
402
1831
126
476
1274
787
222
1709
1701
505
688
176
751
1752
1434
61
1411
337
1106
296
146
1181
1728
1386
1832
1777
945
1565
646
1436
1740
1605
1387
35
701
668
1242
598
1788
975
1882
1342
40
1597
1814
883
992
1002
1971
617
916
749
1140
533
1395
1586
528
876
597
1821
1887
537
1086
877
1990
1695
1998
556
381
389
1451
1421
1289
361
571
1339
835
595
730
1095
1098
1458
183
698
1569
253
1794
1817
1716
1764
260
371
1811
834
348
133
1546
566
1068
111
1164
769
21
853
1935
1609
1795
23
816
323
1220
449
1216
152
637
1195
1211
1045
1442
1674
208
410
852
1899
599
1424
1162
907
971
1804
615
1165
655
95
864
830
1099
1708
224
718
1830
305
31
1299
78
1194
630
1235
761
1461
356
1058
162
113
1472
1062
1037
377
858
897
1443
367
602
523
420
1488
331
1410
1189
1513
1618
1854
472
30
1893
369
1486
44
1549
1139
316
616
416
1404
1336
165
1516
670
455
1468
1232
1704
194
1237
891
960
69
1326
1013
250
200
60
287
1479
1636
1392
312
708
994
1157
51
1527
1405
1238
888
1057
572
1973
1287
1748
1849
1791
1259
1124
1757
428
1240
1171
1591
706
1627
831
1438
89
1898
414
1807
1722
1184
1735
977
65
894
1055
1248
1868
482
1608
1061
709
1803
946
1070
1813
771
1738
798
346
1581
1544
634
172
1137
978
1936
879
1040
1949
1566
83
1911
1108
1564
120
498
456
1675
16
1423
518
1749
1035
1328
1651
1646
1750
735
1599
1215
1043
821
827
580
15
1354
26
1478
388
1824
1815
515
1056
993
1473
34
1
508
264
281
1185
1316
1080
671
1658
211
908
1650
808
696
340
1198
507
1372
641
1535
1808
1353
11
1724
1978
1417
1867
288
875
1160
899
719
732
1617
1224
479
545
350
47
625
1889
387
1089
944
130
118
690
902
153
1186
750
257
237
1719
1578
1115
240
1494
957
1192
620
1816
1908
1697
1081
486
887
203
1784
1771
1345
1895
384
1379
1310
380
1644
865
743
924
588
1425
759
569
1985
933
41
493
583
1008
1120
1853
1369
633
1592
1780
1914
1136
884
1302
802
1521
1789
426
824
965
326
1141
1770
1759
1129
1879
199
1509
173
144
1283
1492
652
639
1806
1720
1801
644
1515
4
786
107
1337
1819
1446
682
1030
1457
1997
448
1664
285
404
1394
1487
1261
128
379
363
231
954
636
276
19
970
217
252
213
1349
193
1580
1318
484
1221
490
22
868
886
1910
1265
100
1113
1082
58
109
5
1631
1665
263
697
1188
1502
154
1760
1407
1904
577
1341
1583
1557
1942
763
1637
1280
838
765
711
434
302
812
1542
657
1320
290
1576
1590
298
910
648
1252
662
195
1555
510
478
1495
1077
770
1909
601
1471
96
799
1775
665
294
898
517
1980
579
1877
347
67
1419
856
1800
1025
543
1678
1841
797
1696
1263
501
979
1531
321
593
1298
271
1673
913
62
1983
822
1543
1731
1249
866
503
1999
841
1383
168
283
422
1363
1104
529
892
795
1662
444
1439
245
1834
1574
1539
1300
1133
1623
157
1389
435
1290
953
1381
1559
1633
1052
1676
1465
1210
84
1226
319
705
333
1937
1256
1116
1107
996
734
1924
1277
673
137
1390
1033
833
1293
1659
447
1023
869
1596
1482
1916
457
1356
1301
1773
1111
99
1483
390
982
676
1912
956
675
1660
1537
1182
792
70
105
1323
1940
1645
560
1611
1505
262
378
297
1836
1693
1400
289
1332
1560
1890
964
267
815
1028
645
1642
1420
1047
1445
1361
805
1469
880
256
557
947
600
187
1378
1820
1533
1132
1968
658
809
427
758
547
502
1960
1982
672
736
1039
727
1121
728
664
1525
1585
131
674
268
73
1093
299
1884
354
1986
411
1152
1621
1105
474
293
1413
401
406
882
1582
1096
358
1462
1269
968
345
551
1861
912
1745
753
1977
258
460
266
1154
1307
860
1888
465
50
1691
1698
712
1991
1416
649
1317
255
548
1851
1214
466
1314
524
1641
1671
867
279
684
273
81
1187
355
1266
475
119
90
1212
1091
1656
182
436
1079
1634
336
349
1480
339
1125
1268
1475
1102
259
995
1643
179
1562
1426
680
526
1396
207
1741
1508
780
1666
1178
228
1286
470
563
694
136
725
10
140
145
837
530
1588
452
18
1558
1351
1084
546
94
101
1403
825
1961
1435
212
1517
1362
1126
433
489
1029
1744
1075
878
1134
689
539
1974
1168
76
1640
334
1638
1686
393
796
1085
1624
1376
2000
632
291
1737
800
1380
1958
1076
1322
726
1901
614
1688
1433
785
1932
1885
585
1975
1467
1931
1534
1474
121
1538
1393
1743
1366
241
1778
1101
1681
604
1526
1862
1847
1687
308
1227
132
739
1962
966
1755
836
1295
826
75
301
1309
226
661
1699
1228
1069
477
1431
832
1905
729
1919
940
742
624
693
150
1514
943
716
1352
1312
703
516
1253
901
49
368
1173
1415
692
46
1796
627
536
1292
1629
969
1500
249
1568
1706
2
441
161
1262
186
1429
398
43
13
1837
254
803
286
998
1883
1118
1340
142
804
1034
520
1805
216
504
184
1444
453
1598
1766
1246
889
967
1207
106
282
156
541
1239
514
1833
1732
844
1364
1742
1556
1886
1602
1145
983
1988
274
1809