395
408
1735
1709
1960
282
980
1130
1725
1055
87
1114
1471
1242
1483
1740
340
185
1172
129
1895
882
60
1732
1208
1208
1843
289
535
492
1710
126
970
730
1050
1810
1212
179
1006
1743
1839
1113
68
708
742
1989
161
1767
1403
1531
663
73
1090
1648
499
1997
1836
294
905
1225
606
1877
1705
1376
579
1771
1497
1716
527
1015
1308
926
1637
1776
1732
1980
654
1564
1802
1905
528
1502
1884
1592
126
858
553
871
1564
933
1463
522
564
361
359
1888
857
912
115
1643
1237
6
805
1333
1078
209
1245
157
551
1538
1370
1732
1211
1031
69
1116
335
1883
1193
242
1192
571
1777
846
401
701
977
1187
1730
1128
1842
683
1362
370
982
1782
1326
1192
177
1435
459
554
1563
1058
1632
1813
1435
992
1463
1906
207
953
763
89
1898
1359
1601
781
463
1682
1289
440
905
503
1476
702
895
1125
891
901
481
1394
636
331
812
310
888
1245
551
1284
176
831
1434
1286
1513
890
1409
1901
831
1161
247
717
1325
836
784
530
1263
957
804
1935
151
583
181
1568
1314
628
1647
1104
1080
1576
1095
1294
581
1233
176
238
348
835
1673
1893
1540
1275
489
397
1484
851
1900
1173
95
871
487
653
1732
749
970
1659
1996
377
927
664
105
102
1076
698
526
417
289
12
1333
213
1931
733
1358
1705
1945
1419
1888
1334
920
1228
1639
853
1287
1262
464
1297
1208
635
1483
890
842
1728
1176
513
1531
1253
1090
1741
639
356
500
686
1792
447
1475
1232
243
1975
1253
1870
46
650
1318
1705
1011
129
609
1045
1745
1903
196
1649
830
1136
834
28
175
500
513
1823
947
341
1047
1739
1034
1328
1031
781
27
1579
477
758
882
1292
680
1266
1578
1217
338
126
1033
179
1180
1359
858
612
1514
505
1636
1650
1449
53
1385
19
853
244
1235
586
1118
1330
1748
1170
889
109
1544
413
843
113
1666
1997
1087
797
556
525
111
536
501
467
1670
1616
1531
1217
604
1519
1739
266
675
1599
517
1356
1037
447
857
831
1343
1502
1500
835
536
455
352
1366
666
1346
1340
434
1954
358
1051
92
834
1224
469
1991
1960
1615
836
61
803
1442
31
1889
1360
1957
912
93
973
965
328
1603
123
1841
1831
1312
4
775
468
1242
691
301
204
138
1965
529
45
1280
1902
36
941
1135
1941
1655
1246
1828
94
1289
514
1135
256
901
1772
943
1533
1238
136
1533
235
1502
1126
1000
1577
1088
470
1703
1583
1017
1020
1743
1836
1850
871
1479
1
1976
1268
722
899
1689
1638
7
65
1597
943
1637
805
1786
1889
1217
279
1446
553
963
305
24
1740
1054
53
625
566
309
1102
250
431
1690
180
1642
480
1782
1483
1948
1962
1873
1857
693
1936
861
1806
604
923
1715
1285
60
503
392
1775
1715
367
1942
638
1510
1210
134
1483
872
59
1599
1153
671
514
1939
1885
1985
954
733
799
1505
1478
1535
1782
1423
813
1043
286
621
1857
1316
1163
1009
1924
138
697
1538
190
1871
582
1644
590
1265
1961
112
644
9
393
1963
421
451
1071
896
1943
481
982
1522
1485
460
888
633
874
1869
198
1477
322
169
743
1602
1518
1603
313
1126
1152
1501
1500
120
1382
409
1292
945
256
1151
1955
907
1235
444
163
620
754
18
62
804
186
1750
992
1350
104
1208
1140
86
171
246
1847
1406
1844
1597
1884
567
91
194
147
607
43
191
1071
1676
15
362
1392
84
1412
1165
906
252
1026
1570
555
85
1792
1009
1154
1684
930
1869
293
617
644
1644
34
178
170
1395
1208
329
1096
1718
554
1005
1261
936
450
1205
536
1041
150
1302
391
591
1574
1078
1634
489
1678
1043
1778
84
619
1067
141
1080
356
1702
506
236
93
1006
885
213
799
1858
690
571
805
1985
200
597
910
842
287
1300
1305
1615
245
1152
1810
821
1986
1331
731
1497
1408
1061
999
1156
1568
953
1901
876
526
1596
1041
959
734
528
1241
92
1203
1358
318
994
1068
1231
1848
133
1328
1917
843
533
707
1509
1843
608
1892
280
697
1643
1569
482
712
1012
1281
726
338
907
1673
1979
1573
1512
841
1280
673
1421
952
1954
1612
597
1015
532
322
561
994
37
827
1259
462
486
1893
1685
1154
295
1102
186
1608
1338
825
1697
924
1658
432
37
1993
1248
310
1037
135
1041
150
1876
1754
950
294
273
1744
1354
1196
1065
349
1502
1166
979
1197
596
1304
336
946
1016
685
75
1850
226
34
348
769
1130
1565
1614
59
1988
377
654
17
153
1976
1929
558
329
1718
48
1825
99
1077
961
608
1682
397
698
1091
1450
1331
913
921
1834
810
1242
1550
226
1852
1491
1363
1352
1069
1639
1597
535
1228
1997
599
1156
1359
92
77
197
1556
38
1824
863
1456
265
285
1309
258
376
1049
51
614
245
144
1527
321
1643
100
166
456
1011
996
235
642
412
40
161
1558
1719
1189
1233
1236
1141
1438
703
972
1349
89
436
514
1177
324
1559
822
196
1819
587
1415
152
236
441
1893
100
1480
1095
1076
1892
551
116
879
1787
364
1188
1887
1486
1353
962
1438
1807
643
1570
679
939
340
1064
1773
362
1204
1850
656
12
1531
781
1468
692
1077
1238
1619
451
584
1539
779
1046
1095
1107
1063
250
1021
1862
1887
1011
1032
506
1250
1881
751
282
819
1119
827
913
1190
1498
1274
476
1540
191
1599
373
964
1619
826
1810
1755
364
1150
109
1779
329
1395
1877
1742
476
1808
485
964
1213
717
274
1890
320
71
278
57
1672
1592
219
874
1209
1585
468
117
642
842
685
1624
1484
1042
1250
1720
1951
66
750
832
1656
519
1587
911
1118
925
1269
1264
1663
1224
1164
1353
636
1391
116
1091
709
645
1557
164
1127
1923
110
1456
852
1787
1959
1494
1136
759
687
898
1134
553
1115
256
275
65
1598
1693
1925
1487
239
1812
569
1491
959
1752
1233
1920
251
1364
288
1266
805
1469
367
292
994
1114
1839
1676
500
1000
676
818
789
1225
988
1379
1747
1741
584
631
730
892
353
1708
1801
561
1544
581
1946
1456
1201
843
762
1619
87
1389
1406
946
471
1921
1695
1134
1440
1832
1070
572
1934
1091
789
1130
151
1744
181
895
1164
114
89
1859
1180
1964
151
215
636
1499
780
310
979
892
516
1519
787
1427
18
53
1677
842
1255
658
1500
292
907
1868
1200
929
1933
1540
998
1208
1351
472
757
680
1963
1532
571
1606
369
68
1263
1421
1401
1958
1577
1092
899
938
1037
576
1585
1854
1648
1534
700
758
1206
1007
1531
1834
910
1336
1615
553
980
321
1513
1392
1177
222
338
122
1358
1520
751
1624
1714
1588
1910
184
659
1078
159
1032
314
1222
835
789
1740
1860
1460
1309
1988
1177
1422
1315
339
355
855
1581
1603
1904
160
26
1418
285
1214
125
1703
1433
1674
1178
1403
1659
719
643
1819
335
1390
1274
1402
1334
308
512
15
1459
1645
1865
862
1767
945
1574
440
130
1497
1658
687
629
82
1785
1579
1695
914
1005
1267
1462
1108
1371
1199
1609
1418
1424
898
1424
541
829
1724
1531
56
1683
1522
1255
816
919
1081
604
1475
496
1527
1434
491
739
876
976
1633
1639
626
507
1320
1276
1884
1165
491
927
479
966
1983
438
841
1237
161
1973
670
1306
1177
1730
1513
1988
269
1934
938
52
128
106
1176
1338
890
1551
1353
1430
1691
1373
396
912
592
1457
1263
336
1323
467
1612
245
691
854
621
263
482
674
1574
1381
1998
116
970
1095
182
179
473
1178
429
834
1198
1214
60
1686
867
859
652
773
161
949
299
587
1293
1710
912
1353
1137
1979
1749
1628
493
1358
1570
107
304
1558
1138
1032
1893
1482
1006
300
1819
652
1137
1706
692
224
1526
931
1508
996
1518
1803
1193
1419
1064
1614
1574
1591
1835
1336
732
706
1554
1832
1214
1696
747
1597
1482
1783
1568
1038
1590
739
1262
1863
1773
206
1633
1283
676
270
493
791
471
563
842
552
1208
1169
273
565
1486
197
1999
882
1820
321
1873
144
871
803
268
1246
910
70
1225
1692
1716
1810
197
1767
806
918
1556
471
25
1473
1694
60
749
882
632
505
964
469
1778
1995
13
629
779
1066
1510
154
1790
22
1339
1786
836
1294
794
1466
442
1951
1523
418
1180
626
1666
452
1697
1440
407
1674
1462
799
761
747
1196
1831
683
1616
1058
299
1886
1344
72
1790
551
591
1095
1616
1341
1393
1117
1000
1041
1013
1142
1937
745
511
1031
1939
275
734
983
877
1448
459
872
1115
879
1336
786
995
1462
986
619
1805
734
1440
1252
1315
511
1563
470
345
75
1968
504
1477
1383
607
37
1365
1567
1410
280
828
519
1739
1472
1035
1971
1837
868
967
634
524
1869
1456
1
679
592
1880
150
1342
666
1637
789
1600
493
6
1827
428
49
692
113
1253
992
1891
674
1879
1328
1972
1015
633
1205
312
777
627
1266
925
209
1479
1827
1234
1378
1640
323
1457
445
714
1521
117
1969
584
1045
1522
1303
535
1602
1732
739
396
201
1177
564
416
1353
1140
680
342
1727
10
940
901
695
556
551
615
1499
1436
682
1119
53
1620
419
1267
21
674
660
995
824
230
1196
1435
1203
218
562
1819
1496
153
1709
645
1115
512
769
1254
923
1386
1169
512
953
1124
1371
899
1876
888
1196
1941
1239
137
610
1843
557
434
667
1346
5
49
304
1193
1674
1037
96
1738
9
368
1677
634
62
1561
826
236
327
495
1019
301
956
1004
1622
1054
731
1694
779
582
373
889
1267
1532
1849
1179
455
1957
573
88
416
314
833
500
1593
1907
353
1512
1358
1643
1508
1632
638
1430
1620
675
713
954
226
1079
694
354
808
311
409
1231
1754
409
1772
715
1676
1243
1341
1963
866
539
130
1628
521
1958
642
299
1236
1236
458
1479
1343
494
205
70
1064
1432
437
1907
741
1675
1821
75
383
1944
483
1749
563
1482
340
415
729
101
1366
1161
1631
1860
1751
447
309
1146
1804
302
647
1619
1628
1857
348
287
1865
1642
1832
1661
1074
1137
1101
1215
1010
1586
1820
207
1890
1476
1136
649
707
953
11
594
1151
1785
1251
453
210
1003
1427
1337
1626
1242
1984
312
1939
641
266
1805
1347
973
921
658
1667
91
162
1786
1468
839
1932
1794
1432
1981
102
349
502
1989
777
1654
336
1271
1154
452
474
1537
112
1779
1664
244
516
692
1764
696
1806
1122
1016
1321
928
636
144
1486
1179
169
1149
1589
1193
1447
129
479
445
1262
1059
1219
878
1989
1231
1810
462
253
1965
542
1637
811
98
1342
1763
1489
1468
947
993
1962
1130
9
1354
359
1027
1273
972
1289
1476
1502
795
1175
772
1133
1997
1069
736
1602
767
1819
606
746
471