13
643
995
342
1400
1552
1525
37
107
1689
1290
185
953
1137
25
1778
336
1415
1809
667
1376
252
1939
1448
457
202
582
528
165
66
1458
1268
1144
1261
790
1601
322
291
1695
1285
600
1846
998
537
424
22
1431
1776
621
1785
1845
144
626
1175
817
253
1781
1991
688
18
1396
1602
864
865
1570
1287
683
1522
1971
29
61
1983
260
965
150
514
1051
921
1933
1856
958
1305
130
507
1129
107
1697
492
959
1114
752
77
1675
163
1088
387
502
51
1963
919
1185
929
337
1872
1343
735
1715
1971
1331
1041
435
223
1435
1134
740
1513
1694
779
1157
1894
22
1329
1300
281
1369
1265
1997
304
183
208
1759
391
1007
920
758
429
1890
1248
987
1236
1181
497
1791
299
1718
228
1197
401
1384
629
11
1102
26
758
1221
1410
1906
1840
784
878
1037
1419
25
1343
996
1195
653
724
1188
434
9
116
1423
595
1550
15
1118
1441
1359
1783
1924
1402
699
371
1278
777
1804
105
396
632
1302
328
1314
599
1614
1636
745
323
1791
1360
1051
1289
112
1138
903
1428
519
773
400
1011
972
45
80
1465
906
1558
1321
568
326
1040
1422
379
1751
1371
1663
1761
955
1476
1128
14
1993
1520
1042
615
526
115
1693
1794
923
793
1932
1947
633
1393
164
843
1375
1928
1770
240
135
1214
1108
950
1509
281
349
982
460
1778
945
736
1993
922
943
1942
384
1689
1509
407
1759
941
1067
1485
1326
1877
113
1144
1820
566
923
1471
350
1004
93
537
1110
1580
833
1996
1050
196
929
1576
542
538
1113
1121
1998
1937
1748
1596
1366
316
310
861
1993
431
33
583
42
1476
301
1946
1390
1747
1086
1854
71
339
119
1746
1741
651
805
706
1084
1471
895
1297
1728
1195
1379
103
819
576
605
738
1456
83
1175
1873
83
1930
1137
521
1346
441
1939
875
1870
1004
1211
1526
295
121
807
942
987
1407
1130
610
1759
540
1464
1015
1125
841
1370
166
1051
1410
531
1825
222
276
517
489
1203
822
367
1275
1909
328
1723
193
1796
277
368
541
1512
1269
912
1146
832
1769
1392
861
390
216
1448
1174
1942
503
1112
595
9
1712
866
779
1211
302
1796
733
611
1292
1733
989
672
104
723
1337
1461
129
140
436
777
1329
409
1760
1493
2
676
1585
80
79
1876
1639
573
978
1093
1101
1856
146
1328
1962
1365
1661
1699
239
1255
928
1956
1611
333
833
1316
779
110
1896
338
784
1116
488
1574
783
1787
1071
229
206
1688
1476
1219
1080
873
246
62
25
979
802
123
779
116
1587
1133
947
1278
9
1894
1835
251
618
1227
422
1725
586
1324
602
1125
561
1389
1189
1567
268
960
1227
1830
1421
392
1305
1865
803
535
256
1847
1255
1535
13
1699
327
1035
1710
1091
63
722
884
1380
1776
27
991
1524
718
392
1544
87
142
1794
1436
1369
1658
194
1536
827
789
1087
1184
1840
1641
125
1852
1898
1141
162
983
1564
667
611
547
128
1809
969
1657
819
1848
1457
378
1344
1576
145
1004
339
8
199
737
1453
1329
1447
76
1351
350
952
224
1252
271
1634
1944
13
1944
70
625
147
400
1021
1721
341
997
1200
1447
1991
1566
158
148
431
1568
1801
1187
666
826
1565
885
269
815
713
1793
862
27
1236
22
1516
545
832
1972
1582
200
1991
1034
1435
945
643
127
1882
1330
883
548
1444
364
451
858
1664
231
1375
1452
160
634
1135
1900
1128
98
1841
1409
604
1375
500
1084
515
1537
141
968
108
257
75
1378
1506
381
137
844
303
1524
124
1705
217
445
420
1819
1473
550
1649
1018
924
1416
415
1821
1880
1861
407
348
1654
1386
1070
1887
924
1503
1547
864
267
1438
1634
87
1955
825
1115
854
915
1881
851
350
1886
1227
1152
1381
740
518
1079
985
257
1319
1509
1787
1115
370
816
1962
1804
645
1061
326
1665
264
1450
928
589
1256
919
1648
1571
910
1868
1381
1594
1398
561
1146
863
1316
577
1262
551
1296
1996
1153
1543
418
627
1313
720
1912
373
766
825
454
1647
1579
1286
687
699
1472
1832
665
561
784
616
1943
682
172
125
1140
1073
1540
1329
1002
265
1290
197
919
1082
1451
1298
1438
1364
824
1657
979
1020
1500
74
1251
145
1715
1766
783
1875
1749
714
1161
919
1825
80
302
503
1818
1357
894
333
113
186
529
1641
1122
1041
1329
778
650
1924
1076
533
1964
737
888
1725
888
1448
1572
1395
1941
1127
1139
1547
220
1244
1375
1376
742
469
1696
1903
446
745
210
177
775
1236
682
357
1111
1329
1281
169
509
817
448
1030
820
844
322
1982
1510
1811
701
966
674
1945
168
1929
1717
1521
1713
371
1252
1779
1791
1986
3
449
610
206
1378
1060
449
156
1811
233
1048
1761
249
1192
352
296
566
906
501
1602
1270
1033
93
1011
366
709
1218
855
1139
781
468
1135
1801
1492
516
912
859
830
1504
1200
676
1592
688
1305
457
1078
901
1517
1055
448
1380
1251
1244
843
1791
1701
793
1901
1064
550
1124
564
1656
1449
1076
1985
1368
48
380
777
657
365
1782
1008
1804
1127
939
240
1341
1206
1857
1467
1022
271
1720
1463
1057
385
1990
1713
1363
1900
1848
715
811
830
1156
940
462
1600
1894
917
314
590
1149
640
1412
1991
1030
496
480
960
408
1650
459
486
1508
364
1085
679
189
1292
660
339
1722
1050
778
1743
1645
1087
637
1841
1027
1976
772
534
151
442
1295
169
1102
1291
968
1212
904
192
464
1366
808
241
519
473
1772
1035
1573
1564
1917
179
1722
442
1884
825
495
1166
1739
250
774
1824
137
825
1289
1726
1893
1869
1903
1651
794
271
1490
597
461
1587
161
1732
1314
1572
719
1681
1371
620
887
1541
976
398
1149
707
1656
58
16
702
320
953
1981
1123
408
260
76
1091
1013
601
17
578
398
181
1973
42
462
1073
1097
1232
406
1109
1847
155
1528
1937
1050
773
1049
728
403
75
894
774
1986
190
1403
1036
1050
184
1028
513
1669
894
876
8
1930
392
463
577
1928
857
1949
725
949
1068
1627
11
294
1613
1605
1754
1748
1325
168
1298
1504
154
690
1534
258
1769
1419
1387
1500
191
1830
997
804
1855
1253
18
1741
1804
1793
338
839
1961
1152
1745
534
917
1463
1917
567
465
1493
711
753
1182
728
1578
148
193
1742
296
1749
200
415
786
1085
1133
1641
4
1309
447
566
1992
628
1876
247
976
926
547
1061
280
684
43
1388
1944
1507
750
707
229
1031
445
553
324
1466
617
1016
626
218
47
207
122
1128
1461
1782
1935
1484
1754
1697
1075
266
495
1912
1893
699
764
162
31
1096
1948
1796
1556
527
1597
664
585
34
401
637
1887
1039
1406
1997
404
829
136
1260
593
1895
998
837
730
1933
1672
548
676
1262
1526
235
879
187
707
781
74
239
273
1550
979
1381
12
1116
1
625
698
557
1070
1202
1943
1115
1279
673
1821
787
726
320
1234
1557
1331
959
1932
1785
1450
1577
297
1506
267
598
544
680
1859
331
1329
1457
873
1573
1768
1362
766
1537
778
1061
785
1295
328
503
1041
936
864
1277
1732
1399
379
1668
1659
1329
900
681
747
60
1934
1395
717
738
1954
1359
1929
403
332
223
1162
1
766
1847
1195
467
957
1337
1705
1911
1685
1394
1925
281
1044
13
1889
1659
883
201
8
213
544
248
317
649
1753
873
905
1954
870
259
1346
251
923
228
147
1407
738
977
466
445
1101
715
1364
321
1064
501
251
1570
422
244
1061
321
551
541
1782
526
1075
89
1300
1729
1532
663
1029
38
20
108
1692
713
1861
797
125
79
1906
699
1145
1863
1160
1744
117
482
1437
1570
1080
1150
21
908
175
75
823
1521
1118
1949
985
558
378
1412
1018
1573
111
157
1810
1941
1771
572
1137
1659
357
1669
1540
223
499
1546
1911
1451
317
693
1279
1084
1258
22
1194
896
692
1624
1454
1698
65
1686
1203
1407
1551
260
762
1862
56
1250
1165
1303
1610
583
1203
1445
312
578
1185
1024
1620
1223
1665
144
452
1201
670
468
543
1775
751
713
57
1044
1682
1166
847
410
1828
536
1963
1423
874
1905
1609
1527
1697
888
428
1847
232
169
1580
1263
824
1509
1852
206
476
7
1751
360
220
1881
112
1478
893
335
752
360
1565
1227
287
1387
995
1457
1292
1222
1373
599
568
1089
471
223
712
969
266
790
1093
1436
741
153
261
409
1278
1259
885
586
674
1177
353
885
1672
1254
514
262
128
530
1902
321
500
174
1213
1504
321
138
1168
732
1644
1979
413
871
1976
670
117
569
876
1320
1007
1882
1883
694
1224
1149
1610
1807
706
525
1950
1978
912
1776
1448
1293
1966
1147
793
1609
494
1671
995
1422
1130
508
1945
80
675
123
978
1391
419
744
732
1924
1164
1510
1253
930
247
488
1608
61
1101
1780
930
180
369
945
791
827
1764
1082
262
68
128
1773
1081
1077
980
103
941
1378
1220
413
498
38
600
1420
1516
837
1629
1473
58
255
909
1453
70
320
1503
737
1118
1133
1810
636
710
588
29
1730
983
368
662
44
332
618
1651
1287
1122
1387
1645
1804
630
1710
1231
291
947
198
1721
648
837
1032
748
502
1330
1613
285
1211
996
413
1305
696
1914
1132
931
970
1919
662
692
746
917
956
668
1467
675
310
1220
1049
1915
1067
1614
1458
1603
1862
390
88
409
1879
703
628
1444
520
1572
130
1447
1556
736
623
490
1385
1207
269
695
1813
1923
1479
766
1867
363
1233
1605
1845
1175
476
1434
227
1680
1935
1178
1072
575
489
1629
907
1004
878
516
315
1972
206
380
1342
1276
700
546
1942
1701
1772
1636
924
620
371
33
1334
926
17
1768
115
586
1325
1936
62
374
1420
927
611
1377
960
410
1232
490
319
1229
327
1499
98
843
311
812
1167
1109
722
945
119
1426
1021
103
1805
37
1948
315
463
1035
731
1968
1884
1038
1056
37
1726
1384
488
763
1572
89
1100
1539
537
1467
1517
1644
13
1777
622
1143
922
619
1644
701
1758
1136
1549
1362
1196
21
1996
1738
475
1010
1054
43
1831
126
183
795
1100
1133
435
29
1030
1421
214
862
650
686
1124
1169
1348
1044
1659
1948
611
1312
120
1221
1511
1533
1439
81
538
569
1975
731
1377
1917
1328
843
644
1849
201
1908
1258
897
1287
526
1413
1646
432
1051
1560
1598
1109
635
1569
875
1932
1647
1025
748
1626
1501
383
1382
1632
1564
531
82
1391
1821
238
1119
1665
910
1582
239
1569
173
981
1033
1159
1428
1973
1007
1028
1071
1672
1829
1299
1143
367
1600
958
1934
1223
195
493
28
1584
1150
340
392
768
650
247
1609
1988
278
1785
1032
423