1
1
2
3
4
7
8
8
8
9
9
9
11
11
12
13
13
13
13
13
14
15
16
17
17
18
18
20
21
21
22
22
22
22
25
25
25
26
27
27
28
29
29
29
31
33
33
34
37
37
37
38
38
42
42
43
43
44
45
47
48
51
56
57
58
58
60
61
61
62
62
63
65
66
68
70
70
71
74
74
75
75
75
76
76
77
79
79
80
80
80
80
81
82
83
83
87
87
88
89
89
93
93
98
98
103
103
103
104
105
107
107
108
108
110
111
112
112
113
113
115
115
116
116
117
117
119
119
120
121
122
123
123
124
125
125
125
126
127
128
128
128
129
130
130
135
136
137
137
138
140
141
142
144
144
145
145
146
147
147
148
148
150
151
153
154
155
156
157
158
160
161
162
162
163
164
165
166
168
168
169
169
169
172
173
174
175
177
179
180
181
183
183
184
185
186
187
189
190
191
192
193
193
194
195
196
197
198
199
200
200
201
201
202
206
206
206
206
207
208
210
213
214
216
217
218
220
220
222
223
223
223
223
224
227
228
228
229
229
231
232
233
235
238
239
239
239
240
240
241
244
246
247
247
247
248
249
250
251
251
251
252
253
255
256
257
257
258
259
260
260
260
261
262
262
264
265
266
266
267
267
268
269
269
271
271
271
273
276
277
278
280
281
281
281
285
287
291
291
294
295
296
296
297
299
301
302
302
303
304
310
310
311
312
314
315
315
316
317
317
319
320
320
320
321
321
321
321
322
322
323
324
326
326
327
327
328
328
328
331
332
332
333
333
335
336
337
338
338
339
339
339
340
341
342
348
349
350
350
350
352
353
357
357
360
360
363
364
364
365
366
367
367
368
368
369
370
371
371
371
373
374
378
378
379
379
380
380
381
383
384
385
387
390
390
391
392
392
392
392
396
398
398
400
400
401
401
403
403
404
406
407
407
408
408
409
409
409
410
410
413
413
413
415
415
418
419
420
422
422
423
424
428
429
431
431
432
434
435
435
436
441
442
442
445
445
445
446
447
448
448
449
449
451
452
454
457
457
459
460
461
462
462
463
463
464
465
466
467
468
468
469
471
473
475
476
476
480
482
486
488
488
488
489
489
490
490
492
493
494
495
495
496
497
498
499
500
500
501
501
502
502
503
503
503
507
508
509
513
514
514
515
516
516
517
518
519
519
520
521
525
526
526
526
527
528
529
530
531
531
533
534
534
535
536
537
537
537
538
538
540
541
541
542
543
544
544
545
546
547
547
548
548
550
550
551
551
553
557
558
561
561
561
564
566
566
566
567
568
568
569
569
572
573
575
576
577
577
578
578
582
583
583
585
586
586
586
588
589
590
593
595
595
597
598
599
599
600
600
601
602
604
605
610
610
611
611
611
611
615
616
617
618
618
619
620
620
621
622
623
625
625
626
626
627
628
628
629
630
632
633
634
635
636
637
637
640
643
643
644
645
648
649
650
650
650
651
653
657
660
662
662
663
664
665
666
667
667
668
670
670
672
673
674
674
675
675
676
676
676
679
680
681
682
682
683
684
686
687
688
688
690
692
692
693
694
695
696
698
699
699
699
699
700
701
701
702
703
706
706
707
707
707
709
710
711
712
713
713
713
714
715
715
717
718
719
720
722
722
723
724
725
726
728
728
730
731
731
732
732
733
735
736
736
737
737
737
738
738
738
740
740
741
742
744
745
745
746
747
748
748
750
751
752
752
753
758
758
762
763
764
766
766
766
766
768
772
773
773
774
774
775
777
777
777
778
778
778
779
779
779
779
781
781
783
783
784
784
784
785
786
787
789
790
790
791
793
793
793
794
795
797
802
803
804
805
807
808
811
812
815
816
817
817
819
819
820
822
823
824
824
825
825
825
825
826
827
827
829
830
830
832
832
833
833
837
837
837
839
841
843
843
843
843
844
844
847
851
854
855
857
858
859
861
861
862
862
863
864
864
864
865
866
870
871
873
873
873
874
875
875
876
876
878
878
879
883
883
884
885
885
885
887
888
888
888
893
894
894
894
895
896
897
900
901
903
904
905
906
906
907
908
909
910
910
912
912
912
915
917
917
917
919
919
919
919
920
921
922
922
923
923
923
924
924
924
926
926
927
928
928
929
929
930
930
931
936
939
940
941
941
942
943
945
945
945
945
947
947
949
950
952
953
953
955
956
957
958
958
959
959
960
960
960
965
966
968
968
969
969
970
972
976
976
977
978
978
979
979
979
980
981
982
983
983
985
985
987
987
989
991
995
995
995
996
996
997
997
998
998
1002
1004
1004
1004
1004
1007
1007
1007
1008
1010
1011
1011
1013
1015
1016
1018
1018
1020
1021
1021
1022
1024
1025
1027
1028
1028
1029
1030
1030
1030
1031
1032
1032
1033
1033
1034
1035
1035
1035
1036
1037
1038
1039
1040
1041
1041
1041
1042
1044
1044
1044
1048
1049
1049
1050
1050
1050
1050
1051
1051
1051
1051
1054
1055
1056
1057
1060
1061
1061
1061
1061
1064
1064
1067
1067
1068
1070
1070
1071
1071
1072
1073
1073
1075
1075
1076
1076
1077
1078
1079
1080
1080
1081
1082
1082
1084
1084
1084
1085
1085
1086
1087
1087
1088
1089
1091
1091
1093
1093
1096
1097
1100
1100
1101
1101
1101
1102
1102
1108
1109
1109
1109
1110
1111
1112
1113
1114
1115
1115
1115
1116
1116
1118
1118
1118
1119
1121
1122
1122
1123
1124
1124
1125
1125
1127
1127
1128
1128
1128
1129
1130
1130
1132
1133
1133
1133
1133
1134
1135
1135
1136
1137
1137
1137
1138
1139
1139
1140
1141
1143
1143
1144
1144
1145
1146
1146
1147
1149
1149
1149
1150
1150
1152
1152
1153
1156
1157
1159
1160
1161
1162
1164
1165
1166
1166
1167
1168
1169
1174
1175
1175
1175
1177
1178
1181
1182
1184
1185
1185
1187
1188
1189
1192
1194
1195
1195
1195
1196
1197
1200
1200
1201
1202
1203
1203
1203
1206
1207
1211
1211
1211
1212
1213
1214
1218
1219
1220
1220
1221
1221
1222
1223
1223
1224
1227
1227
1227
1227
1229
1231
1232
1232
1233
1234
1236
1236
1236
1244
1244
1248
1250
1251
1251
1252
1252
1253
1253
1254
1255
1255
1256
1258
1258
1259
1260
1261
1262
1262
1263
1265
1268
1269
1270
1275
1276
1277
1278
1278
1278
1279
1279
1281
1285
1286
1287
1287
1287
1289
1289
1290
1290
1291
1292
1292
1292
1293
1295
1295
1296
1297
1298
1298
1299
1300
1300
1302
1303
1305
1305
1305
1305
1309
1312
1313
1314
1314
1316
1316
1319
1320
1321
1324
1325
1325
1326
1328
1328
1329
1329
1329
1329
1329
1329
1329
1329
1330
1330
1331
1331
1334
1337
1337
1341
1342
1343
1343
1344
1346
1346
1348
1351
1357
1359
1359
1360
1362
1362
1363
1364
1364
1365
1366
1366
1368
1369
1369
1370
1371
1371
1373
1375
1375
1375
1375
1376
1376
1377
1377
1378
1378
1378
1379
1380
1380
1381
1381
1381
1382
1384
1384
1385
1386
1387
1387
1387
1388
1389
1390
1391
1391
1392
1393
1394
1395
1395
1396
1398
1399
1400
1402
1403
1406
1407
1407
1407
1409
1410
1410
1412
1412
1413
1415
1416
1419
1419
1420
1420
1421
1421
1422
1422
1423
1423
1426
1428
1428
1431
1434
1435
1435
1436
1436
1437
1438
1438
1439
1441
1444
1444
1445
1447
1447
1447
1448
1448
1448
1448
1449
1450
1450
1451
1451
1452
1453
1453
1454
1456
1457
1457
1457
1458
1458
1461
1461
1463
1463
1464
1465
1466
1467
1467
1467
1471
1471
1472
1473
1473
1476
1476
1476
1478
1479
1484
1485
1490
1492
1493
1493
1499
1500
1500
1501
1503
1503
1504
1504
1504
1506
1506
1507
1508
1509
1509
1509
1509
1510
1510
1511
1512
1513
1516
1516
1517
1517
1520
1521
1521
1522
1524
1524
1525
1526
1526
1527
1528
1532
1533
1534
1535
1536
1537
1537
1539
1540
1540
1541
1543
1544
1546
1547
1547
1549
1550
1550
1551
1552
1556
1556
1557
1558
1560
1564
1564
1564
1565
1565
1566
1567
1568
1569
1569
1570
1570
1570
1571
1572
1572
1572
1572
1573
1573
1573
1574
1576
1576
1577
1578
1579
1580
1580
1582
1582
1584
1585
1587
1587
1592
1594
1596
1597
1598
1600
1600
1601
1602
1602
1603
1605
1605
1608
1609
1609
1609
1610
1610
1611
1613
1613
1614
1614
1620
1624
1626
1627
1629
1629
1632
1634
1634
1636
1636
1639
1641
1641
1641
1644
1644
1644
1645
1645
1646
1647
1647
1648
1649
1650
1651
1651
1654
1656
1656
1657
1657
1658
1659
1659
1659
1659
1661
1663
1664
1665
1665
1665
1668
1669
1669
1671
1672
1672
1672
1675
1680
1681
1682
1685
1686
1688
1689
1689
1692
1693
1694
1695
1696
1697
1697
1697
1698
1699
1699
1701
1701
1705
1705
1710
1710
1712
1713
1713
1715
1715
1717
1718
1720
1721
1721
1722
1722
1723
1725
1725
1726
1726
1728
1729
1730
1732
1732
1733
1738
1739
1741
1741
1742
1743
1744
1745
1746
1747
1748
1748
1749
1749
1751
1751
1753
1754
1754
1758
1759
1759
1759
1760
1761
1761
1764
1766
1768
1768
1769
1769
1770
1771
1772
1772
1773
1775
1776
1776
1776
1777
1778
1778
1779
1780
1781
1782
1782
1782
1783
1785
1785
1785
1787
1787
1791
1791
1791
1791
1793
1793
1794
1794
1796
1796
1796
1801
1801
1804
1804
1804
1804
1804
1805
1807
1809
1809
1810
1810
1811
1811
1813
1818
1819
1820
1821
1821
1821
1824
1825
1825
1828
1829
1830
1830
1831
1832
1835
1840
1840
1841
1841
1845
1845
1846
1847
1847
1847
1847
1848
1848
1849
1852
1852
1854
1855
1856
1856
1857
1859
1861
1861
1862
1862
1863
1865
1867
1868
1869
1870
1872
1873
1875
1876
1876
1877
1879
1880
1881
1881
1882
1882
1883
1884
1884
1886
1887
1887
1889
1890
1893
1893
1894
1894
1894
1895
1896
1898
1900
1900
1901
1902
1903
1903
1905
1906
1906
1908
1909
1911
1911
1912
1912
1914
1915
1917
1917
1917
1919
1923
1924
1924
1924
1925
1928
1928
1929
1929
1930
1930
1932
1932
1932
1933
1933
1934
1934
1935
1935
1936
1937
1937
1939
1939
1941
1941
1942
1942
1942
1943
1943
1944
1944
1944
1945
1945
1946
1947
1948
1948
1948
1949
1949
1950
1954
1954
1955
1956
1961
1962
1962
1963
1963
1964
1966
1968
1971
1971
1972
1972
1973
1973
1975
1976
1976
1978
1979
1981
1982
1983
1985
1986
1986
1988
1990
1991
1991
1991
1991
1992
1993
1993
1993
1996
1996
1996
1997
1997
1998
